10 200 0
0.680375 -0.211234 0.566198 
-0.329554 0.536459 -0.444451 
-0.270431 0.026802 0.904459 
-0.716795 0.213938 -0.967399 
-0.686642 -0.198111 -0.740419 
0.025865 0.678224 0.225280 
-0.012834 0.945550 -0.414966 
-0.199543 0.783059 -0.433371 
-0.860489 0.898654 0.051991 
0.780465 -0.302214 -0.871657 
0.680138 -0.211075 0.566050 
-0.328843 0.537729 -0.444266 
-0.270336 0.026937 0.904134 
-0.716483 0.213776 -0.966810 
-0.686468 -0.197423 -0.740448 
0.025585 0.678143 0.224735 
-0.014406 0.943936 -0.414875 
-0.199023 0.782767 -0.433067 
-0.859997 0.898404 0.051730 
0.780251 -0.302068 -0.871517 
0.679900 -0.210915 0.565901 
-0.328120 0.539014 -0.444079 
-0.270240 0.027072 0.903808 
-0.716170 0.213613 -0.966220 
-0.686293 -0.196734 -0.740478 
0.025303 0.678061 0.224188 
-0.016004 0.942295 -0.414785 
-0.198490 0.782488 -0.432761 
-0.859504 0.898154 0.051470 
0.780037 -0.301921 -0.871377 
0.679662 -0.210755 0.565752 
-0.327385 0.540313 -0.443888 
-0.270145 0.027207 0.903482 
-0.715858 0.213448 -0.965629 
-0.686119 -0.196042 -0.740509 
0.025021 0.677979 0.223639 
-0.017630 0.940625 -0.414697 
-0.197941 0.782223 -0.432454 
-0.859010 0.897903 0.051208 
0.779822 -0.301774 -0.871237 
0.679424 -0.210595 0.565603 
-0.326638 0.541628 -0.443695 
-0.270049 0.027343 0.903155 
-0.715545 0.213282 -0.965037 
-0.685945 -0.195349 -0.740540 
0.024738 0.677898 0.223088 
-0.019284 0.938924 -0.414612 
-0.197377 0.781972 -0.432146 
-0.858514 0.897652 0.050946 
0.779607 -0.301627 -0.871097 
0.679185 -0.210435 0.565454 
-0.325877 0.542958 -0.443498 
-0.269954 0.027478 0.902828 
-0.715232 0.213115 -0.964445 
-0.685770 -0.194653 -0.740572 
0.024454 0.677816 0.222535 
-0.020970 0.937190 -0.414528 
-0.196794 0.781737 -0.431836 
-0.858018 0.897401 0.050684 
0.779392 -0.301480 -0.870957 
0.678947 -0.210275 0.565304 
-0.325104 0.544305 -0.443298 
-0.269858 0.027613 0.902501 
-0.714919 0.212946 -0.963852 
-0.685596 -0.193956 -0.740605 
0.024169 0.677735 0.221980 
-0.022687 0.935423 -0.414447 
-0.196193 0.781519 -0.431523 
-0.857520 0.897149 0.050421 
0.779177 -0.301332 -0.870816 
0.678708 -0.210115 0.565155 
-0.324317 0.545667 -0.443094 
-0.269763 0.027749 0.902174 
-0.714605 0.212776 -0.963258 
-0.685421 -0.193257 -0.740639 
0.023883 0.677653 0.221423 
-0.024439 0.933619 -0.414368 
-0.195571 0.781321 -0.431209 
-0.857021 0.896898 0.050157 
0.778962 -0.301185 -0.870676 
0.678469 -0.209955 0.565005 
-0.323516 0.547046 -0.442887 
-0.269667 0.027885 0.901847 
-0.714292 0.212604 -0.962664 
-0.685246 -0.192555 -0.740673 
0.023596 0.677572 0.220864 
-0.026227 0.931777 -0.414293 
-0.194926 0.781144 -0.430892 
-0.856522 0.896646 0.049893 
0.778747 -0.301037 -0.870535 
0.678230 -0.209794 0.564856 
-0.322701 0.548442 -0.442677 
-0.269571 0.028020 0.901519 
-0.713978 0.212431 -0.962068 
-0.685071 -0.191852 -0.740708 
0.023308 0.677491 0.220302 
-0.028054 0.929894 -0.414220 
-0.194257 0.780991 -0.430573 
-0.856021 0.896393 0.049629 
0.778531 -0.300890 -0.870395 
0.677991 -0.209634 0.564706 
-0.321871 0.549855 -0.442463 
-0.269476 0.028156 0.901191 
-0.713664 0.212256 -0.961472 
-0.684896 -0.191147 -0.740744 
0.023020 0.677410 0.219739 
-0.029923 0.927968 -0.414150 
-0.193561 0.780864 -0.430251 
-0.855518 0.896141 0.049364 
0.778316 -0.300742 -0.870254 
0.677752 -0.209473 0.564556 
-0.321027 0.551285 -0.442245 
-0.269380 0.028292 0.900863 
-0.713349 0.212079 -0.960875 
-0.684721 -0.190439 -0.740780 
0.022730 0.677330 0.219173 
-0.031837 0.925995 -0.414084 
-0.192835 0.780765 -0.429926 
-0.855015 0.895888 0.049098 
0.778100 -0.300594 -0.870113 
0.677512 -0.209312 0.564406 
-0.320168 0.552733 -0.442023 
-0.269284 0.028428 0.900534 
-0.713035 0.211902 -0.960278 
-0.684546 -0.189730 -0.740817 
0.022439 0.677249 0.218604 
-0.033798 0.923971 -0.414022 
-0.192077 0.780698 -0.429597 
-0.854511 0.895635 0.048832 
0.777884 -0.300446 -0.869972 
0.677273 -0.209152 0.564255 
-0.319292 0.554198 -0.441798 
-0.269188 0.028564 0.900205 
-0.712720 0.211722 -0.959679 
-0.684371 -0.189019 -0.740855 
0.022147 0.677168 0.218034 
-0.035811 0.921893 -0.413964 
-0.191282 0.780667 -0.429265 
-0.854005 0.895382 0.048565 
0.777668 -0.300298 -0.869831 
0.677033 -0.208991 0.564105 
-0.318401 0.555682 -0.441569 
-0.269093 0.028700 0.899876 
-0.712405 0.211541 -0.959080 
-0.684195 -0.188305 -0.740894 
0.021854 0.677088 0.217461 
-0.037881 0.919757 -0.413911 
-0.190448 0.780676 -0.428929 
-0.853498 0.895128 0.048297 
0.777451 -0.300149 -0.869690 
0.676793 -0.208830 0.563955 
-0.317494 0.557183 -0.441336 
-0.268997 0.028837 0.899547 
-0.712090 0.211358 -0.958480 
-0.684020 -0.187590 -0.740934 
0.021559 0.677008 0.216885 
-0.040012 0.917557 -0.413863 
-0.189568 0.780729 -0.428589 
-0.852990 0.894875 0.048029 
0.777235 -0.300001 -0.869548 
0.676553 -0.208669 0.563804 
-0.316569 0.558703 -0.441099 
-0.268901 0.028973 0.899217 
-0.711775 0.211174 -0.957879 
-0.683844 -0.186872 -0.740975 
0.021264 0.676927 0.216308 
-0.042209 0.915288 -0.413821 
-0.188639 0.780834 -0.428243 
-0.852481 0.894621 0.047761 
0.777018 -0.299852 -0.869407 
0.676312 -0.208508 0.563653 
-0.315628 0.560242 -0.440858 
-0.268805 0.029110 0.898887 
-0.711460 0.210988 -0.957278 
-0.683668 -0.186152 -0.741016 
0.020968 0.676847 0.215728 
-0.044481 0.912941 -0.413785 
-0.187652 0.780995 -0.427891 
-0.851970 0.894366 0.047492 
0.776802 -0.299703 -0.869266 
0.676072 -0.208346 0.563502 
-0.314670 0.561799 -0.440613 
-0.268709 0.029246 0.898557 
-0.711144 0.210800 -0.956676 
-0.683493 -0.185430 -0.741058 
0.020670 0.676767 0.215145 
-0.046835 0.910510 -0.413757 
-0.186601 0.781223 -0.427533 
-0.851458 0.894112 0.047222 
0.776585 -0.299554 -0.869124 
0.675831 -0.208185 0.563351 
-0.313694 0.563374 -0.440364 
-0.268613 0.029383 0.898227 
-0.710829 0.210611 -0.956073 
-0.683317 -0.184706 -0.741101 
0.020372 0.676687 0.214560 
-0.049280 0.907985 -0.413737 
-0.185476 0.781526 -0.427167 
-0.850945 0.893857 0.046952 
0.776368 -0.299405 -0.868982 
0.675591 -0.208024 0.563200 
-0.312700 0.564967 -0.440110 
-0.268517 0.029520 0.897896 
-0.710513 0.210419 -0.955469 
-0.683141 -0.183979 -0.741145 
0.020072 0.676608 0.213972 
-0.051829 0.905354 -0.413726 
-0.184266 0.781916 -0.426793 
-0.850431 0.893602 0.046681 
0.776151 -0.299256 -0.868841 
0.675350 -0.207862 0.563049 
-0.311688 0.566578 -0.439853 
-0.268421 0.029656 0.897565 
-0.710197 0.210226 -0.954864 
-0.682965 -0.183251 -0.741190 
0.019771 0.676528 0.213382 
-0.054495 0.902602 -0.413726 
-0.182957 0.782408 -0.426408 
-0.849915 0.893347 0.046409 
0.775933 -0.299107 -0.868699 
0.675108 -0.207700 0.562898 
-0.310658 0.568207 -0.439591 
-0.268325 0.029793 0.897234 
-0.709880 0.210031 -0.954259 
-0.682789 -0.182520 -0.741236 
0.019469 0.676449 0.212789 
-0.057296 0.899712 -0.413739 
-0.181530 0.783020 -0.426011 
-0.849398 0.893092 0.046137 
0.775716 -0.298957 -0.868557 
0.674867 -0.207539 0.562746 
-0.309609 0.569852 -0.439324 
-0.268229 0.029930 0.896903 
-0.709564 0.209834 -0.953652 
-0.682612 -0.181787 -0.741282 
0.019165 0.676369 0.212193 
-0.060254 0.896662 -0.413767 
-0.179965 0.783776 -0.425601 
-0.848880 0.892837 0.045865 
0.775498 -0.298808 -0.868415 
0.674626 -0.207377 0.562595 
-0.308542 0.571513 -0.439053 
-0.268132 0.030067 0.896571 
-0.709247 0.209636 -0.953045 
-0.682436 -0.181051 -0.741330 
0.018861 0.676290 0.211594 
-0.063400 0.893421 -0.413812 
-0.178230 0.784704 -0.425173 
-0.848361 0.892581 0.045591 
0.775280 -0.298658 -0.868273 
0.674384 -0.207215 0.562443 
-0.307458 0.573189 -0.438778 
-0.268036 0.030205 0.896239 
-0.708931 0.209435 -0.952438 
-0.682260 -0.180314 -0.741378 
0.018555 0.676211 0.210993 
-0.066771 0.889952 -0.413879 
-0.176288 0.785847 -0.424723 
-0.847840 0.892325 0.045318 
0.775062 -0.298508 -0.868130 
0.674142 -0.207053 0.562291 
-0.306356 0.574878 -0.438499 
-0.267940 0.030342 0.895907 
-0.708614 0.209233 -0.951829 
-0.682083 -0.179574 -0.741428 
0.018247 0.676132 0.210389 
-0.070422 0.886200 -0.413973 
-0.174083 0.787257 -0.424247 
-0.847318 0.892069 0.045043 
0.774844 -0.298358 -0.867988 
0.673900 -0.206891 0.562139 
-0.305237 0.576579 -0.438215 
-0.267844 0.030479 0.895574 
-0.708297 0.209028 -0.951220 
-0.681907 -0.178831 -0.741478 
0.017939 0.676053 0.209781 
-0.074433 0.882087 -0.414102 
-0.171537 0.789017 -0.423737 
-0.846794 0.891813 0.044768 
0.774625 -0.298208 -0.867845 
0.673658 -0.206728 0.561987 
-0.304101 0.578288 -0.437927 
-0.267747 0.030617 0.895241 
-0.707980 0.208821 -0.950610 
-0.681730 -0.178086 -0.741529 
0.017629 0.675974 0.209171 
-0.078922 0.877494 -0.414278 
-0.168527 0.791248 -0.423179 
-0.846269 0.891556 0.044493 
0.774407 -0.298057 -0.867703 
0.673416 -0.206566 0.561834 
-0.302952 0.580002 -0.437635 
-0.267651 0.030755 0.894908 
-0.707662 0.208613 -0.949999 
-0.681553 -0.177339 -0.741582 
0.017317 0.675896 0.208557 
-0.084091 0.872223 -0.414521 
-0.164852 0.794151 -0.422553 
-0.845742 0.891300 0.044216 
0.774188 -0.297907 -0.867560 
0.673173 -0.206403 0.561682 
-0.301789 0.581717 -0.437340 
-0.267554 0.030892 0.894575 
-0.707345 0.208402 -0.949387 
-0.681376 -0.176590 -0.741635 
0.017004 0.675817 0.207941 
-0.090313 0.865905 -0.414869 
-0.160138 0.798100 -0.421823 
-0.845215 0.891043 0.043940 
0.773969 -0.297756 -0.867417 
0.672931 -0.206241 0.561529 
-0.300616 0.583426 -0.437041 
-0.267458 0.031030 0.894241 
-0.707027 0.208189 -0.948775 
-0.681199 -0.175838 -0.741690 
0.016690 0.675739 0.207321 
-0.098420 0.857718 -0.415404 
-0.153547 0.803921 -0.420903 
-0.844685 0.890787 0.043662 
0.773750 -0.297605 -0.867275 
0.672688 -0.206078 0.561376 
-0.299437 0.585123 -0.436739 
-0.267361 0.031168 0.893907 
-0.706710 0.207974 -0.948162 
-0.681022 -0.175084 -0.741745 
0.016374 0.675661 0.206697 
-0.111017 0.845095 -0.416388 
-0.142473 0.814191 -0.419533 
-0.844154 0.890530 0.043384 
0.773531 -0.297454 -0.867132 
0.672445 -0.205915 0.561223 
-0.298257 0.586797 -0.436435 
-0.267265 0.031306 0.893573 
-0.706392 0.207757 -0.947548 
-0.680845 -0.174327 -0.741802 
0.016056 0.675583 0.206069 
-0.148106 0.808298 -0.419824 
-0.106908 0.848657 -0.415709 
-0.843622 0.890274 0.043106 
0.773312 -0.297303 -0.866988 
0.672202 -0.205752 0.561070 
-0.297035 0.588538 -0.436123 
-0.267168 0.031444 0.893238 
-0.706074 0.207537 -0.946933 
-0.680668 -0.173567 -0.741859 
0.015738 0.675505 0.205440 
-0.127684 0.827792 -0.417517 
-0.128897 0.826765 -0.417632 
-0.843088 0.890017 0.042827 
0.773092 -0.297151 -0.866845 
0.671958 -0.205589 0.560917 
-0.295807 0.590266 -0.435808 
-0.267072 0.031582 0.892904 
-0.705756 0.207315 -0.946317 
-0.680491 -0.172805 -0.741918 
0.015417 0.675427 0.204807 
-30.094883 -24.544065 -3.255840 
29.836727 26.196236 2.421077 
-0.842553 0.889759 0.042547 
0.772872 -0.297000 -0.866702 
0.671751 -0.205474 0.560809 
-0.295922 0.590094 -0.435639 
-0.266983 0.031677 0.892641 
-0.705554 0.206967 -0.945807 
-0.680379 -0.172160 -0.742017 
0.015198 0.675243 0.204612 
-30.094883 -24.544065 -3.255840 
29.836727 26.196236 2.421077 
-0.842247 0.889523 0.042415 
0.772705 -0.296914 -0.866585 
0.671545 -0.205358 0.560700 
-0.296036 0.589922 -0.435470 
-0.266894 0.031772 0.892377 
-0.705352 0.206616 -0.945295 
-0.680268 -0.171512 -0.742116 
0.014979 0.675059 0.204417 
-30.094883 -24.544065 -3.255840 
29.836727 26.196236 2.421077 
-0.841942 0.889285 0.042284 
0.772538 -0.296827 -0.866467 
0.671338 -0.205242 0.560592 
-0.296151 0.589750 -0.435301 
-0.266804 0.031867 0.892114 
-0.705149 0.206263 -0.944782 
-0.680157 -0.170862 -0.742217 
0.014759 0.674874 0.204221 
-30.094883 -24.544065 -3.255840 
29.836727 26.196236 2.421077 
-0.841636 0.889048 0.042152 
0.772370 -0.296741 -0.866350 
0.671131 -0.205126 0.560484 
-0.296266 0.589577 -0.435132 
-0.266715 0.031961 0.891850 
-0.704947 0.205907 -0.944268 
-0.680046 -0.170208 -0.742319 
0.014539 0.674689 0.204026 
-30.094883 -24.544065 -3.255840 
29.836727 26.196236 2.421077 
-0.841330 0.888810 0.042020 
0.772202 -0.296655 -0.866233 
0.670924 -0.205011 0.560375 
-0.296381 0.589405 -0.434962 
-0.266626 0.032056 0.891586 
-0.704743 0.205549 -0.943751 
-0.679934 -0.169552 -0.742422 
0.014319 0.674505 0.203830 
-30.094883 -24.544065 -3.255840 
29.836727 26.196236 2.421077 
-0.841023 0.888572 0.041888 
0.772035 -0.296568 -0.866115 
0.670716 -0.204895 0.560266 
-0.296496 0.589232 -0.434793 
-0.266537 0.032151 0.891322 
-0.704540 0.205188 -0.943234 
-0.679823 -0.168893 -0.742526 
0.014098 0.674320 0.203634 
-30.094883 -24.544065 -3.255840 
29.836727 26.196236 2.421077 
-0.840716 0.888334 0.041756 
0.771867 -0.296482 -0.865998 
0.670509 -0.204779 0.560158 
-0.296611 0.589059 -0.434623 
-0.266448 0.032246 0.891058 
-0.704337 0.204825 -0.942714 
-0.679712 -0.168231 -0.742631 
0.013877 0.674135 0.203437 
-30.094883 -24.544065 -3.255840 
29.836727 26.196236 2.421077 
-0.840409 0.888096 0.041624 
0.771699 -0.296395 -0.865880 
0.670302 -0.204663 0.560049 
-0.296726 0.588886 -0.434453 
-0.266358 0.032341 0.890794 
-0.704133 0.204459 -0.942194 
-0.679601 -0.167566 -0.742737 
0.013657 0.673950 0.203241 
-30.094883 -24.544065 -3.255840 
29.836727 26.196236 2.421077 
-0.840102 0.887857 0.041491 
0.771531 -0.296309 -0.865762 
0.670094 -0.204547 0.559940 
-0.296842 0.588713 -0.434283 
-0.266269 0.032436 0.890529 
-0.703929 0.204090 -0.941671 
-0.679490 -0.166898 -0.742845 
0.013435 0.673765 0.203044 
-30.094883 -24.544065 -3.255840 
29.836727 26.196236 2.421077 
-0.839794 0.887618 0.041358 
0.771363 -0.296222 -0.865645 
0.669886 -0.204431 0.559832 
-0.296957 0.588540 -0.434113 
-0.266180 0.032531 0.890265 
-0.703724 0.203719 -0.941147 
-0.679378 -0.166227 -0.742953 
0.013214 0.673580 0.202847 
-30.094883 -24.544065 -3.255840 
29.836727 26.196236 2.421077 
-0.839486 0.887379 0.041226 
0.771195 -0.296136 -0.865527 
0.669678 -0.204314 0.559723 
-0.297073 0.588367 -0.433943 
-0.266090 0.032626 0.890000 
-0.703519 0.203346 -0.940621 
-0.679267 -0.165553 -0.743063 
0.012992 0.673395 0.202650 
-30.094883 -24.544065 -3.255840 
29.836727 26.196236 2.421077 
-0.839178 0.887139 0.041093 
0.771027 -0.296049 -0.865409 
0.669470 -0.204198 0.559614 
-0.297189 0.588193 -0.433773 
-0.266001 0.032722 0.889735 
-0.703315 0.202969 -0.940094 
-0.679156 -0.164876 -0.743174 
0.012770 0.673209 0.202453 
-30.094883 -24.544065 -3.255840 
29.836727 26.196236 2.421077 
-0.838869 0.886899 0.040960 
0.770858 -0.295962 -0.865292 
0.669262 -0.204082 0.559505 
-0.297305 0.588019 -0.433602 
-0.265912 0.032817 0.889470 
-0.703109 0.202590 -0.939565 
-0.679045 -0.164196 -0.743286 
0.012548 0.673024 0.202255 
-30.094883 -24.544065 -3.255840 
29.836727 26.196236 2.421077 
-0.838560 0.886659 0.040826 
0.770690 -0.295875 -0.865174 
0.669054 -0.203966 0.559396 
-0.297421 0.587845 -0.433431 
-0.265822 0.032912 0.889204 
-0.702904 0.202208 -0.939035 
-0.678934 -0.163512 -0.743400 
0.012326 0.672839 0.202057 
-30.094883 -24.544065 -3.255840 
29.836727 26.196236 2.421077 
-0.838251 0.886418 0.040693 
0.770522 -0.295789 -0.865056 
0.668846 -0.203849 0.559287 
-0.297537 0.587671 -0.433260 
-0.265733 0.033008 0.888939 
-0.702698 0.201823 -0.938502 
-0.678823 -0.162825 -0.743515 
0.012103 0.672653 0.201859 
-30.094883 -24.544065 -3.255840 
29.836727 26.196236 2.421077 
-0.837942 0.886178 0.040559 
0.770353 -0.295702 -0.864938 
0.668637 -0.203733 0.559178 
-0.297653 0.587497 -0.433089 
-0.265643 0.033103 0.888673 
-0.702492 0.201435 -0.937968 
-0.678712 -0.162136 -0.743631 
0.011880 0.672467 0.201661 
-30.094883 -24.544065 -3.255840 
29.836727 26.196236 2.421077 
-0.837632 0.885937 0.040425 
0.770184 -0.295615 -0.864820 
0.668429 -0.203617 0.559069 
-0.297770 0.587323 -0.432918 
-0.265554 0.033199 0.888407 
-0.702286 0.201045 -0.937432 
-0.678601 -0.161442 -0.743748 
0.011657 0.672282 0.201463 
-30.094883 -24.544065 -3.255840 
29.836727 26.196236 2.421077 
-0.837322 0.885695 0.040292 
0.770016 -0.295528 -0.864702 
0.668220 -0.203500 0.558959 
-0.297886 0.587148 -0.432747 
-0.265464 0.033294 0.888141 
-0.702079 0.200651 -0.936895 
-0.678490 -0.160746 -0.743867 
0.011433 0.672096 0.201264 
-30.094883 -24.544065 -3.255840 
29.836727 26.196236 2.421077 
-0.837011 0.885454 0.040157 
0.769847 -0.295441 -0.864584 
0.668011 -0.203383 0.558850 
-0.298003 0.586973 -0.432576 
-0.265375 0.033390 0.887874 
-0.701872 0.200254 -0.936355 
-0.678380 -0.160045 -0.743988 
0.011209 0.671910 0.201065 
-30.094883 -24.544065 -3.255840 
29.836727 26.196236 2.421077 
-0.836700 0.885212 0.040023 
0.769678 -0.295354 -0.864466 
0.667803 -0.203267 0.558741 
-0.298120 0.586798 -0.432404 
-0.265285 0.033485 0.887608 
-0.701665 0.199855 -0.935814 
-0.678269 -0.159342 -0.744109 
0.010985 0.671724 0.200866 
-30.094883 -24.544065 -3.255840 
29.836727 26.196236 2.421077 
-0.836389 0.884970 0.039889 
0.769509 -0.295267 -0.864348 
0.667593 -0.203150 0.558631 
-0.298237 0.586623 -0.432232 
-0.265195 0.033581 0.887341 
-0.701458 0.199452 -0.935271 
-0.678158 -0.158635 -0.744232 
0.010761 0.671538 0.200667 
-30.094883 -24.544065 -3.255840 
29.836727 26.196236 2.421077 
-0.836078 0.884727 0.039754 
0.769340 -0.295180 -0.864229 
0.667384 -0.203034 0.558522 
-0.298354 0.586448 -0.432061 
-0.265106 0.033677 0.887074 
-0.701250 0.199046 -0.934726 
-0.678047 -0.157924 -0.744357 
0.010537 0.671352 0.200467 
-30.094883 -24.544065 -3.255840 
29.836727 26.196236 2.421077 
-0.835766 0.884484 0.039620 
0.769171 -0.295093 -0.864111 
0.667175 -0.202917 0.558412 
-0.298471 0.586272 -0.431889 
-0.265016 0.033772 0.886807 
-0.701042 0.198636 -0.934179 
-0.677937 -0.157210 -0.744483 
0.010312 0.671165 0.200268 
-30.094883 -24.544065 -3.255840 
29.836727 26.196236 2.421077 
-0.835454 0.884241 0.039485 
0.769002 -0.295006 -0.863993 
0.666966 -0.202800 0.558303 
-0.298589 0.586097 -0.431716 
-0.264926 0.033868 0.886540 
-0.700833 0.198224 -0.933631 
-0.677826 -0.156492 -0.744610 
0.010087 0.670979 0.200068 
-30.094883 -24.544065 -3.255840 
29.836727 26.196236 2.421077 
-0.835141 0.883998 0.039350 
0.768833 -0.294918 -0.863874 
0.666756 -0.202683 0.558193 
-0.298706 0.585921 -0.431544 
-0.264837 0.033964 0.886273 
-0.700625 0.197808 -0.933080 
-0.677716 -0.155770 -0.744739 
0.009861 0.670793 0.199867 
-30.094883 -24.544065 -3.255840 
29.836727 26.196236 2.421077 
-0.834829 0.883754 0.039214 
0.768663 -0.294831 -0.863756 
0.666547 -0.202566 0.558084 
-0.298824 0.585745 -0.431372 
-0.264747 0.034060 0.886005 
-0.700415 0.197389 -0.932527 
-0.677605 -0.155045 -0.744869 
0.009636 0.670606 0.199667 
-30.094883 -24.544065 -3.255840 
29.836727 26.196236 2.421077 
-0.834516 0.883511 0.039079 
0.768494 -0.294744 -0.863638 
0.666337 -0.202449 0.557974 
-0.298942 0.585569 -0.431199 
-0.264657 0.034156 0.885737 
-0.700206 0.196966 -0.931973 
-0.677495 -0.154315 -0.745001 
0.009410 0.670419 0.199466 
-30.094883 -24.544065 -3.255840 
29.836727 26.196236 2.421077 
-0.834202 0.883266 0.038943 
0.768324 -0.294656 -0.863519 
0.666127 -0.202332 0.557864 
-0.299059 0.585393 -0.431026 
-0.264567 0.034252 0.885469 
-0.699997 0.196540 -0.931416 
-0.677385 -0.153582 -0.745135 
0.009184 0.670233 0.199265 
-30.094883 -24.544065 -3.255840 
29.836727 26.196236 2.421077 
-0.833888 0.883022 0.038808 
0.768154 -0.294569 -0.863401 
0.665917 -0.202215 0.557754 
-0.299178 0.585216 -0.430854 
-0.264477 0.034348 0.885201 
-0.699787 0.196110 -0.930857 
-0.677274 -0.152845 -0.745270 
0.008958 0.670046 0.199064 
-30.094883 -24.544065 -3.255840 
29.836727 26.196236 2.421077 
-0.833574 0.882777 0.038672 
0.767985 -0.294481 -0.863282 
0.665707 -0.202098 0.557644 
-0.299296 0.585040 -0.430681 
-0.264388 0.034444 0.884933 
-0.699576 0.195677 -0.930296 
-0.677164 -0.152103 -0.745407 
0.008731 0.669859 0.198863 
-30.094883 -24.544065 -3.255840 
29.836727 26.196236 2.421077 
-0.833260 0.882532 0.038536 
0.767815 -0.294394 -0.863163 
0.665496 -0.201981 0.557534 
-0.299414 0.584863 -0.430507 
-0.264298 0.034540 0.884664 
-0.699366 0.195239 -0.929733 
-0.677054 -0.151358 -0.745546 
0.008504 0.669672 0.198662 
-30.094883 -24.544065 -3.255840 
29.836727 26.196236 2.421077 
-0.832945 0.882287 0.038400 
0.767645 -0.294306 -0.863045 
0.665286 -0.201864 0.557424 
-0.299532 0.584686 -0.430334 
-0.264208 0.034636 0.884395 
-0.699155 0.194799 -0.929168 
-0.676944 -0.150609 -0.745686 
0.008277 0.669485 0.198460 
-30.094883 -24.544065 -3.255840 
29.836727 26.196236 2.421077 
-0.832630 0.882041 0.038263 
0.767475 -0.294219 -0.862926 
0.665075 -0.201746 0.557314 
-0.299651 0.584508 -0.430161 
-0.264118 0.034733 0.884127 
-0.698943 0.194354 -0.928601 
-0.676834 -0.149855 -0.745828 
0.008050 0.669298 0.198258 
-30.094883 -24.544065 -3.255840 
29.836727 26.196236 2.421077 
-0.832315 0.881795 0.038127 
0.767305 -0.294131 -0.862807 
0.664865 -0.201629 0.557204 
-0.299770 0.584331 -0.429987 
-0.264028 0.034829 0.883857 
-0.698732 0.193905 -0.928031 
-0.676724 -0.149097 -0.745972 
0.007822 0.669111 0.198056 
-30.094883 -24.544065 -3.255840 
29.836727 26.196236 2.421077 
-0.831999 0.881549 0.037990 
0.767135 -0.294043 -0.862688 
0.664654 -0.201512 0.557094 
-0.299889 0.584154 -0.429813 
-0.263938 0.034925 0.883588 
-0.698520 0.193453 -0.927459 
-0.676614 -0.148334 -0.746118 
0.007594 0.668923 0.197853 
-30.094883 -24.544065 -3.255840 
29.836727 26.196236 2.421077 
-0.831683 0.881302 0.037853 
0.766965 -0.293956 -0.862569 
0.664443 -0.201394 0.556984 
-0.300008 0.583976 -0.429639 
-0.263848 0.035022 0.883319 
-0.698308 0.192996 -0.926885 
-0.676504 -0.147567 -0.746266 
0.007366 0.668736 0.197650 
-30.094883 -24.544065 -3.255840 
29.836727 26.196236 2.421077 
-0.831367 0.881055 0.037716 
0.766794 -0.293868 -0.862451 
0.664232 -0.201277 0.556874 
-0.300127 0.583798 -0.429465 
-0.263758 0.035118 0.883049 
-0.698095 0.192536 -0.926309 
-0.676395 -0.146796 -0.746415 
0.007137 0.668548 0.197448 
-30.094883 -24.544065 -3.255840 
29.836727 26.196236 2.421077 
-0.831050 0.880808 0.037579 
0.766624 -0.293780 -0.862332 
0.664021 -0.201159 0.556763 
-0.300246 0.583620 -0.429291 
-0.263668 0.035215 0.882779 
-0.697882 0.192071 -0.925730 
-0.676285 -0.146020 -0.746566 
0.006908 0.668361 0.197244 
-30.094883 -24.544065 -3.255840 
29.836727 26.196236 2.421077 
-0.830733 0.880560 0.037442 
0.766453 -0.293692 -0.862213 
0.663810 -0.201042 0.556653 
-0.300365 0.583441 -0.429117 
-0.263577 0.035311 0.882509 
-0.697668 0.191602 -0.925149 
-0.676176 -0.145239 -0.746720 
0.006679 0.668173 0.197041 
-30.094883 -24.544065 -3.255840 
29.836727 26.196236 2.421077 
-0.830416 0.880313 0.037304 
0.766283 -0.293604 -0.862093 
0.663598 -0.200924 0.556543 
-0.300485 0.583263 -0.428942 
-0.263487 0.035408 0.882239 
-0.697455 0.191128 -0.924565 
-0.676067 -0.144453 -0.746875 
0.006450 0.667985 0.196837 
-30.094883 -24.544065 -3.255840 
29.836727 26.196236 2.421077 
-0.830099 0.880065 0.037166 
0.766112 -0.293516 -0.861974 
0.663387 -0.200806 0.556432 
-0.300605 0.583084 -0.428768 
-0.263397 0.035505 0.881968 
-0.697241 0.190650 -0.923979 
-0.675957 -0.143663 -0.747033 
0.006220 0.667798 0.196634 
-30.094883 -24.544065 -3.255840 
29.836727 26.196236 2.421077 
-0.829781 0.879816 0.037029 
0.765941 -0.293428 -0.861855 
0.663175 -0.200689 0.556321 
-0.300724 0.582905 -0.428593 
-0.263307 0.035601 0.881698 
-0.697026 0.190168 -0.923390 
-0.675848 -0.142867 -0.747192 
0.005991 0.667610 0.196429 
-30.094883 -24.544065 -3.255840 
29.836727 26.196236 2.421077 
-0.829462 0.879567 0.036890 
0.765770 -0.293340 -0.861736 
0.662964 -0.200571 0.556211 
-0.300844 0.582726 -0.428418 
-0.263217 0.035698 0.881427 
-0.696811 0.189681 -0.922798 
-0.675739 -0.142067 -0.747354 
0.005760 0.667422 0.196225 
-30.094883 -24.544065 -3.255840 
29.836727 26.196236 2.421077 
-0.829144 0.879318 0.036752 
0.765600 -0.293252 -0.861617 
0.662752 -0.200453 0.556100 
-0.300965 0.582547 -0.428243 
-0.263126 0.035795 0.881156 
-0.696596 0.189189 -0.922204 
-0.675630 -0.141261 -0.747518 
0.005530 0.667233 0.196021 
-30.094883 -24.544065 -3.255840 
29.836727 26.196236 2.421077 
-0.828825 0.879069 0.036614 
0.765429 -0.293164 -0.861497 
0.662540 -0.200335 0.555989 
-0.301085 0.582368 -0.428067 
-0.263036 0.035892 0.880885 
-0.696380 0.188693 -0.921608 
-0.675521 -0.140450 -0.747684 
0.005299 0.667045 0.195816 
-30.094883 -24.544065 -3.255840 
29.836727 26.196236 2.421077 
-0.828505 0.878819 0.036475 
0.765257 -0.293076 -0.861378 
0.662327 -0.200217 0.555879 
-0.301205 0.582188 -0.427892 
-0.262946 0.035989 0.880614 
-0.696164 0.188191 -0.921008 
-0.675413 -0.139634 -0.747852 
0.005068 0.666857 0.195611 
-30.094883 -24.544065 -3.255840 
29.836727 26.196236 2.421077 
-0.828185 0.878569 0.036337 
0.765086 -0.292988 -0.861259 
0.662115 -0.200099 0.555768 
-0.301326 0.582008 -0.427716 
-0.262855 0.036086 0.880342 
-0.695948 0.187685 -0.920406 
-0.675304 -0.138813 -0.748023 
0.004837 0.666668 0.195406 
-30.094883 -24.544065 -3.255840 
29.836727 26.196236 2.421077 
-0.827865 0.878319 0.036198 
0.764915 -0.292899 -0.861139 
0.661903 -0.199981 0.555657 
-0.301446 0.581828 -0.427541 
-0.262765 0.036183 0.880070 
-0.695731 0.187173 -0.919801 
-0.675196 -0.137985 -0.748196 
0.004606 0.666480 0.195200 
-30.094883 -24.544065 -3.255840 
29.836727 26.196236 2.421077 
-0.827545 0.878069 0.036059 
0.764744 -0.292811 -0.861020 
0.661690 -0.199863 0.555546 
-0.301567 0.581648 -0.427365 
-0.262675 0.036280 0.879798 
-0.695514 0.186657 -0.919193 
-0.675088 -0.137153 -0.748372 
0.004374 0.666291 0.194994 
-30.094883 -24.544065 -3.255840 
29.836727 26.196236 2.421077 
-0.827224 0.877818 0.035919 
0.764572 -0.292722 -0.860900 
0.661478 -0.199745 0.555435 
-0.301688 0.581468 -0.427189 
-0.262584 0.036377 0.879526 
-0.695296 0.186135 -0.918582 
-0.674980 -0.136314 -0.748550 
0.004142 0.666103 0.194788 
-30.094883 -24.544065 -3.255840 
29.836727 26.196236 2.421077 
-0.826903 0.877566 0.035780 
0.764401 -0.292634 -0.860780 
0.661265 -0.199626 0.555324 
-0.301809 0.581287 -0.427012 
-0.262494 0.036474 0.879254 
-0.695078 0.185607 -0.917968 
-0.674872 -0.135470 -0.748730 
0.003909 0.665914 0.194582 
-30.094883 -24.544065 -3.255840 
29.836727 26.196236 2.421077 
-0.826582 0.877315 0.035640 
0.764229 -0.292546 -0.860661 
0.661052 -0.199508 0.555213 
-0.301930 0.581106 -0.426836 
-0.262403 0.036572 0.878981 
-0.694860 0.185074 -0.917351 
-0.674764 -0.134619 -0.748913 
0.003677 0.665725 0.194376 
-30.094883 -24.544065 -3.255840 
29.836727 26.196236 2.421077 
-0.826260 0.877063 0.035500 
0.764057 -0.292457 -0.860541 
0.660839 -0.199390 0.555101 
-0.302052 0.580925 -0.426660 
-0.262313 0.036669 0.878709 
-0.694641 0.184536 -0.916731 
-0.674656 -0.133762 -0.749099 
0.003444 0.665536 0.194169 
-30.094883 -24.544065 -3.255840 
29.836727 26.196236 2.421077 
-0.825938 0.876811 0.035360 
0.763885 -0.292368 -0.860421 
0.660626 -0.199271 0.554990 
-0.302173 0.580744 -0.426483 
-0.262222 0.036766 0.878436 
-0.694421 0.183991 -0.916108 
-0.674549 -0.132899 -0.749288 
0.003210 0.665347 0.193962 
-30.094883 -24.544065 -3.255840 
29.836727 26.196236 2.421077 
-0.825616 0.876558 0.035220 
0.763713 -0.292280 -0.860301 
0.660413 -0.199153 0.554879 
-0.302295 0.580563 -0.426306 
-0.262132 0.036864 0.878163 
-0.694201 0.183441 -0.915481 
-0.674442 -0.132030 -0.749479 
0.002977 0.665158 0.193755 
-30.094883 -24.544065 -3.255840 
29.836727 26.196236 2.421077 
-0.825293 0.876305 0.035080 
0.763541 -0.292191 -0.860182 
0.660199 -0.199035 0.554768 
-0.302417 0.580381 -0.426129 
-0.262041 0.036961 0.877889 
-0.693981 0.182884 -0.914851 
-0.674335 -0.131154 -0.749673 
0.002743 0.664969 0.193547 
-30.094883 -24.544065 -3.255840 
29.836727 26.196236 2.421077 
-0.824970 0.876052 0.034939 
0.763369 -0.292102 -0.860062 
0.659986 -0.198916 0.554656 
-0.302539 0.580199 -0.425952 
-0.261950 0.037059 0.877616 
-0.693760 0.182321 -0.914218 
-0.674228 -0.130272 -0.749870 
0.002509 0.664779 0.193340 
-30.094883 -24.544065 -3.255840 
29.836727 26.196236 2.421077 
-0.824646 0.875799 0.034799 
0.763197 -0.292014 -0.859942 
0.659772 -0.198797 0.554545 
-0.302661 0.580017 -0.425774 
-0.261860 0.037156 0.877342 
-0.693539 0.181752 -0.913581 
-0.674121 -0.129382 -0.750071 
0.002275 0.664590 0.193132 
-30.094883 -24.544065 -3.255840 
29.836727 26.196236 2.421077 
-0.824323 0.875545 0.034658 
0.763025 -0.291925 -0.859822 
0.659558 -0.198679 0.554433 
-0.302783 0.579835 -0.425597 
-0.261769 0.037254 0.877068 
-0.693317 0.181177 -0.912941 
-0.674015 -0.128486 -0.750274 
0.002040 0.664400 0.192924 
-30.094883 -24.544065 -3.255840 
29.836727 26.196236 2.421077 
-0.823998 0.875291 0.034517 
0.762852 -0.291836 -0.859702 
0.659344 -0.198560 0.554322 
-0.302906 0.579652 -0.425419 
-0.261679 0.037351 0.876794 
-0.693095 0.180594 -0.912297 
-0.673908 -0.127582 -0.750480 
0.001805 0.664211 0.192715 
-30.094883 -24.544065 -3.255840 
29.836727 26.196236 2.421077 
-0.823674 0.875036 0.034376 
0.762680 -0.291747 -0.859581 
0.659130 -0.198441 0.554210 
-0.303028 0.579470 -0.425242 
-0.261588 0.037449 0.876520 
-0.692872 0.180005 -0.911650 
-0.673802 -0.126672 -0.750690 
0.001570 0.664021 0.192507 
-30.094883 -24.544065 -3.255840 
29.836727 26.196236 2.421077 
-0.823349 0.874782 0.034234 
0.762507 -0.291658 -0.859461 
0.658916 -0.198322 0.554098 
-0.303151 0.579287 -0.425064 
-0.261497 0.037547 0.876245 
-0.692649 0.179409 -0.910998 
-0.673696 -0.125753 -0.750903 
0.001334 0.663831 0.192298 
-30.094883 -24.544065 -3.255840 
29.836727 26.196236 2.421077 
-0.823024 0.874527 0.034093 
0.762335 -0.291569 -0.859341 
0.658702 -0.198204 0.553987 
-0.303274 0.579104 -0.424885 
-0.261406 0.037645 0.875971 
-0.692425 0.178806 -0.910343 
-0.673591 -0.124827 -0.751119 
0.001098 0.663641 0.192088 
-30.094883 -24.544065 -3.255840 
29.836727 26.196236 2.421077 
-0.822698 0.874271 0.033951 
0.762162 -0.291480 -0.859221 
0.658488 -0.198085 0.553875 
-0.303397 0.578920 -0.424707 
-0.261315 0.037743 0.875696 
-0.692201 0.178195 -0.909684 
-0.673486 -0.123893 -0.751339 
0.000862 0.663451 0.191879 
-30.094883 -24.544065 -3.255840 
29.836727 26.196236 2.421077 
-0.822372 0.874015 0.033809 
0.761989 -0.291391 -0.859100 
0.658273 -0.197966 0.553763 
-0.303520 0.578737 -0.424529 
-0.261225 0.037841 0.875421 
-0.691976 0.177577 -0.909020 
-0.673380 -0.122951 -0.751562 
0.000626 0.663261 0.191669 
-30.094883 -24.544065 -3.255840 
29.836727 26.196236 2.421077 
-0.822046 0.873759 0.033667 
0.761816 -0.291302 -0.858980 
0.658058 -0.197847 0.553651 
-0.303643 0.578553 -0.424350 
-0.261134 0.037939 0.875146 
-0.691751 0.176951 -0.908353 
-0.673276 -0.122001 -0.751789 
0.000389 0.663071 0.191459 
-30.094883 -24.544065 -3.255840 
29.836727 26.196236 2.421077 
-0.821719 0.873503 0.033524 
0.761643 -0.291213 -0.858860 
0.657844 -0.197728 0.553539 
-0.303767 0.578369 -0.424171 
-0.261043 0.038037 0.874870 
-0.691525 0.176317 -0.907681 
-0.673171 -0.121042 -0.752020 
0.000152 0.662881 0.191249 
-30.094883 -24.544065 -3.255840 
29.836727 26.196236 2.421077 
-0.821392 0.873246 0.033382 
0.761470 -0.291123 -0.858739 
0.657629 -0.197609 0.553427 
-0.303890 0.578185 -0.423992 
-0.260952 0.038135 0.874595 
-0.691299 0.175675 -0.907005 
-0.673067 -0.120075 -0.752255 
-0.000085 0.662690 0.191039 
-30.094883 -24.544065 -3.255840 
29.836727 26.196236 2.421077 
-0.821065 0.872989 0.033239 
0.761297 -0.291034 -0.858619 
0.657414 -0.197489 0.553315 
-0.304014 0.578000 -0.423813 
-0.260861 0.038233 0.874319 
-0.691072 0.175024 -0.906324 
-0.672963 -0.119099 -0.752494 
-0.000323 0.662500 0.190828 
-30.094883 -24.544065 -3.255840 
29.836727 26.196236 2.421077 
-0.820737 0.872731 0.033096 
0.761124 -0.290945 -0.858498 
0.657198 -0.197370 0.553203 
-0.304138 0.577816 -0.423634 
-0.260770 0.038331 0.874043 
-0.690844 0.174365 -0.905639 
-0.672859 -0.118113 -0.752737 
-0.000561 0.662309 0.190617 
-30.094883 -24.544065 -3.255840 
29.836727 26.196236 2.421077 
-0.820409 0.872474 0.032953 
0.760950 -0.290855 -0.858378 
0.656983 -0.197251 0.553090 
-0.304262 0.577631 -0.423454 
-0.260679 0.038429 0.873766 
-0.690616 0.173696 -0.904949 
-0.672756 -0.117118 -0.752984 
-0.000799 0.662118 0.190406 
-30.094883 -24.544065 -3.255840 
29.836727 26.196236 2.421077 
-0.820080 0.872215 0.032810 
0.760777 -0.290766 -0.858257 
0.656768 -0.197131 0.552978 
-0.304387 0.577446 -0.423275 
-0.260588 0.038528 0.873490 
-0.690387 0.173019 -0.904254 
-0.672653 -0.116114 -0.753236 
-0.001038 0.661928 0.190194 
-30.094883 -24.544065 -3.255840 
29.836727 26.196236 2.421077 
-0.819751 0.871957 0.032667 
0.760603 -0.290676 -0.858136 
0.656552 -0.197012 0.552866 
-0.304511 0.577260 -0.423095 
-0.260497 0.038626 0.873213 
-0.690157 0.172332 -0.903554 
-0.672550 -0.115099 -0.753492 
-0.001277 0.661737 0.189983 
-30.094883 -24.544065 -3.255840 
29.836727 26.196236 2.421077 
-0.819422 0.871698 0.032523 
0.760430 -0.290587 -0.858015 
0.656336 -0.196893 0.552753 
-0.304635 0.577075 -0.422915 
-0.260406 0.038724 0.872936 
-0.689927 0.171636 -0.902849 
-0.672448 -0.114074 -0.753752 
-0.001516 0.661546 0.189771 
-30.094883 -24.544065 -3.255840 
29.836727 26.196236 2.421077 
-0.819093 0.871439 0.032379 
0.760256 -0.290497 -0.857895 
0.656121 -0.196773 0.552641 
-0.304760 0.576889 -0.422735 
-0.260315 0.038823 0.872659 
-0.689696 0.170929 -0.902139 
-0.672346 -0.113039 -0.754018 
-0.001755 0.661355 0.189558 
-30.094883 -24.544065 -3.255840 
29.836727 26.196236 2.421077 
-0.818763 0.871179 0.032235 
0.760082 -0.290407 -0.857774 
0.655905 -0.196653 0.552528 
-0.304885 0.576703 -0.422554 
-0.260224 0.038921 0.872382 
-0.689465 0.170212 -0.901423 
-0.672245 -0.111993 -0.754289 
-0.001995 0.661164 0.189346 
-30.094883 -24.544065 -3.255840 
29.836727 26.196236 2.421077 
-0.818432 0.870920 0.032091 
0.759908 -0.290318 -0.857653 
0.655689 -0.196534 0.552416 
-0.305010 0.576516 -0.422374 
-0.260133 0.039020 0.872105 
-0.689232 0.169484 -0.900701 
-0.672144 -0.110935 -0.754564 
-0.002235 0.660972 0.189133 
-30.094883 -24.544065 -3.255840 
29.836727 26.196236 2.421077 
-0.818102 0.870659 0.031947 
0.759734 -0.290228 -0.857532 
0.655472 -0.196414 0.552303 
-0.305135 0.576330 -0.422193 
-0.260041 0.039119 0.871827 
-0.688999 0.168746 -0.899974 
-0.672043 -0.109866 -0.754845 
-0.002475 0.660781 0.188920 
-30.094883 -24.544065 -3.255840 
29.836727 26.196236 2.421077 
-0.817770 0.870399 0.031802 
0.759560 -0.290138 -0.857411 
0.655256 -0.196294 0.552190 
-0.305261 0.576143 -0.422013 
-0.259950 0.039217 0.871549 
-0.688765 0.167996 -0.899241 
-0.671943 -0.108785 -0.755132 
-0.002716 0.660589 0.188707 
-30.094883 -24.544065 -3.255840 
29.836727 26.196236 2.421077 
-0.817439 0.870138 0.031657 
0.759386 -0.290048 -0.857290 
0.655040 -0.196175 0.552078 
-0.305386 0.575956 -0.421832 
-0.259859 0.039316 0.871271 
-0.688531 0.167234 -0.898501 
-0.671843 -0.107692 -0.755424 
-0.002957 0.660398 0.188493 
-30.094883 -24.544065 -3.255840 
29.836727 26.196236 2.421077 
-0.817107 0.869877 0.031512 
0.759212 -0.289958 -0.857169 
0.654823 -0.196055 0.551965 
-0.305512 0.575769 -0.421650 
-0.259768 0.039415 0.870993 
-0.688296 0.166460 -0.897756 
-0.671744 -0.106586 -0.755722 
-0.003198 0.660206 0.188279 
-30.094883 -24.544065 -3.255840 
29.836727 26.196236 2.421077 
-0.816775 0.869615 0.031367 
0.759037 -0.289868 -0.857047 
0.654606 -0.195935 0.551852 
-0.305638 0.575581 -0.421469 
-0.259676 0.039514 0.870714 
-0.688060 0.165673 -0.897003 
-0.671645 -0.105467 -0.756026 
-0.003440 0.660014 0.188065 
-30.094883 -24.544065 -3.255840 
29.836727 26.196236 2.421077 
-0.816442 0.869353 0.031222 
0.758863 -0.289778 -0.856926 
0.654389 -0.195815 0.551739 
-0.305764 0.575393 -0.421287 
-0.259585 0.039613 0.870436 
-0.687823 0.164874 -0.896244 
-0.671547 -0.104335 -0.756336 
-0.003682 0.659823 0.187851 
-30.094883 -24.544065 -3.255840 
29.836727 26.196236 2.421077 
-0.816109 0.869091 0.031076 
0.758688 -0.289688 -0.856805 
0.654172 -0.195695 0.551626 
-0.305890 0.575205 -0.421106 
-0.259494 0.039712 0.870157 
-0.687585 0.164061 -0.895478 
-0.671449 -0.103188 -0.756653 
-0.003924 0.659631 0.187636 
-30.094883 -24.544065 -3.255840 
29.836727 26.196236 2.421077 
-0.815776 0.868828 0.030930 
0.758513 -0.289598 -0.856684 
0.653955 -0.195575 0.551513 
-0.306016 0.575017 -0.420924 
-0.259402 0.039811 0.869878 
-0.687346 0.163234 -0.894704 
-0.671352 -0.102027 -0.756977 
-0.004167 0.659438 0.187421 
-30.094883 -24.544065 -3.255840 
29.836727 26.196236 2.421077 
-0.815442 0.868565 0.030784 
0.758339 -0.289508 -0.856562 
0.653738 -0.195455 0.551400 
-0.306143 0.574829 -0.420742 
-0.259311 0.039910 0.869598 
-0.687106 0.162392 -0.893923 
-0.671256 -0.100850 -0.757308 
-0.004410 0.659246 0.187206 
-30.094883 -24.544065 -3.255840 
29.836727 26.196236 2.421077 
-0.815108 0.868302 0.030638 
0.758164 -0.289418 -0.856441 
0.653521 -0.195334 0.551286 
-0.306269 0.574640 -0.420560 
-0.259220 0.040009 0.869319 
-0.686866 0.161535 -0.893134 
-0.671160 -0.099658 -0.757646 
-0.004653 0.659054 0.186990 
-30.094883 -24.544065 -3.255840 
29.836727 26.196236 2.421077 
-0.814774 0.868038 0.030492 
0.757989 -0.289328 -0.856319 
0.653303 -0.195214 0.551173 
-0.306396 0.574451 -0.420377 
-0.259128 0.040108 0.869039 
-0.686624 0.160663 -0.892337 
-0.671065 -0.098450 -0.757992 
-0.004896 0.658862 0.186775 
-30.094883 -24.544065 -3.255840 
29.836727 26.196236 2.421077 
-0.814439 0.867774 0.030345 
0.757814 -0.289237 -0.856198 
0.653085 -0.195094 0.551060 
-0.306523 0.574261 -0.420195 
-0.259037 0.040207 0.868759 
-0.686382 0.159774 -0.891532 
-0.670971 -0.097224 -0.758345 
-0.005140 0.658669 0.186559 
-30.094883 -24.544065 -3.255840 
29.836727 26.196236 2.421077 
-0.814104 0.867509 0.030199 
0.757639 -0.289147 -0.856076 
0.652867 -0.194974 0.550947 
-0.306650 0.574072 -0.420012 
-0.258945 0.040306 0.868479 
-0.686138 0.158868 -0.890718 
-0.670877 -0.095982 -0.758707 
-0.005384 0.658477 0.186342 
-30.094883 -24.544065 -3.255840 
29.836727 26.196236 2.421077 
-0.813768 0.867244 0.030052 
0.757463 -0.289056 -0.855955 
0.652650 -0.194853 0.550833 
-0.306778 0.573882 -0.419829 
-0.258854 0.040406 0.868199 
-0.685894 0.157944 -0.889894 
-0.670784 -0.094720 -0.759078 
-0.005629 0.658284 0.186126 
-30.094883 -24.544065 -3.255840 
29.836727 26.196236 2.421077 
-0.813432 0.866979 0.029905 
0.757288 -0.288966 -0.855833 
0.652431 -0.194733 0.550720 
-0.306905 0.573691 -0.419646 
-0.258762 0.040505 0.867918 
-0.685648 0.157002 -0.889061 
-0.670692 -0.093440 -0.759458 
-0.005874 0.658091 0.185909 
-30.094883 -24.544065 -3.255840 
29.836727 26.196236 2.421077 
-0.813096 0.866714 0.029757 
0.757113 -0.288875 -0.855711 
0.652213 -0.194612 0.550606 
-0.307033 0.573501 -0.419462 
-0.258671 0.040605 0.867638 
-0.685401 0.156041 -0.888218 
-0.670601 -0.092140 -0.759847 
-0.006119 0.657898 0.185692 
-30.094883 -24.544065 -3.255840 
29.836727 26.196236 2.421077 
-0.812759 0.866448 0.029610 
0.756937 -0.288785 -0.855590 
0.651995 -0.194492 0.550492 
-0.307161 0.573310 -0.419279 
-0.258579 0.040704 0.867357 
-0.685153 0.155059 -0.887364 
-0.670511 -0.090818 -0.760246 
-0.006364 0.657705 0.185474 
-30.094883 -24.544065 -3.255840 
29.836727 26.196236 2.421077 
-0.812422 0.866181 0.029462 
0.756761 -0.288694 -0.855468 
0.651776 -0.194371 0.550379 
-0.307289 0.573119 -0.419095 
-0.258487 0.040804 0.867075 
-0.684903 0.154056 -0.886500 
-0.670421 -0.089475 -0.760655 
-0.006610 0.657512 0.185256 
-30.094883 -24.544065 -3.255840 
29.836727 26.196236 2.421077 
-0.812084 0.865915 0.029314 
0.756586 -0.288603 -0.855346 
0.651558 -0.194250 0.550265 
-0.307417 0.572928 -0.418911 
-0.258396 0.040903 0.866794 
-0.684652 0.153030 -0.885624 
-0.670333 -0.088110 -0.761076 
-0.006856 0.657319 0.185038 
-30.094883 -24.544065 -3.255840 
29.836727 26.196236 2.421077 
-0.811746 0.865647 0.029166 
0.756410 -0.288513 -0.855224 
0.651339 -0.194129 0.550151 
-0.307545 0.572736 -0.418727 
-0.258304 0.041003 0.866513 
-0.684400 0.151982 -0.884737 
-0.670246 -0.086720 -0.761507 
-0.007103 0.657126 0.184820 
-30.094883 -24.544065 -3.255840 
29.836727 26.196236 2.421077 
-0.811408 0.865380 0.029018 
0.756234 -0.288422 -0.855102 
0.651120 -0.194009 0.550037 
-0.307674 0.572544 -0.418543 
-0.258212 0.041103 0.866231 
-0.684146 0.150908 -0.883836 
-0.670160 -0.085305 -0.761951 
-0.007349 0.656932 0.184602 
-30.094883 -24.544065 -3.255840 
29.836727 26.196236 2.421077 
-0.811069 0.865112 0.028869 
0.756058 -0.288331 -0.854980 
0.650901 -0.193888 0.549923 
-0.307802 0.572352 -0.418359 
-0.258121 0.041203 0.865949 
-0.683891 0.149809 -0.882923 
-0.670075 -0.083863 -0.762408 
-0.007597 0.656739 0.184383 
-30.094883 -24.544065 -3.255840 
29.836727 26.196236 2.421077 
-0.810730 0.864844 0.028720 
0.755882 -0.288240 -0.854858 
0.650682 -0.193767 0.549809 
-0.307931 0.572160 -0.418174 
-0.258029 0.041302 0.865667 
-0.683634 0.148683 -0.881995 
-0.669992 -0.082394 -0.762878 
-0.007844 0.656545 0.184164 
-30.094883 -24.544065 -3.255840 
29.836727 26.196236 2.421077 
-0.810390 0.864575 0.028571 
0.755705 -0.288149 -0.854736 
0.650463 -0.193646 0.549695 
-0.308060 0.571967 -0.417989 
-0.257937 0.041402 0.865384 
-0.683376 0.147527 -0.881053 
-0.669909 -0.080895 -0.763362 
-0.008092 0.656351 0.183944 
-30.094883 -24.544065 -3.255840 
29.836727 26.196236 2.421077 
-0.810050 0.864306 0.028422 
0.755529 -0.288058 -0.854613 
0.650243 -0.193525 0.549581 
-0.308189 0.571774 -0.417804 
-0.257845 0.041502 0.865101 
-0.683115 0.146341 -0.880095 
-0.669829 -0.079364 -0.763861 
-0.008340 0.656158 0.183724 
-30.094883 -24.544065 -3.255840 
29.836727 26.196236 2.421077 
-0.809710 0.864037 0.028273 
0.755352 -0.287967 -0.854491 
0.650024 -0.193404 0.549467 
-0.308319 0.571580 -0.417619 
-0.257753 0.041602 0.864819 
-0.682853 0.145123 -0.879120 
-0.669749 -0.077801 -0.764377 
-0.008588 0.655964 0.183504 
-30.094883 -24.544065 -3.255840 
29.836727 26.196236 2.421077 
-0.809369 0.863767 0.028123 
0.755176 -0.287876 -0.854369 
0.649804 -0.193283 0.549353 
-0.308448 0.571386 -0.417434 
-0.257662 0.041702 0.864536 
-0.682589 0.143870 -0.878129 
-0.669672 -0.076203 -0.764909 
-0.008837 0.655770 0.183284 
-30.094883 -24.544065 -3.255840 
29.836727 26.196236 2.421077 
-0.809028 0.863497 0.027973 
0.754999 -0.287785 -0.854246 
0.649584 -0.193161 0.549238 
-0.308578 0.571192 -0.417248 
-0.257570 0.041803 0.864252 
-0.682323 0.142581 -0.877118 
-0.669596 -0.074567 -0.765459 
-0.009086 0.655575 0.183063 
-30.094883 -24.544065 -3.255840 
29.836727 26.196236 2.421077 
-0.808687 0.863226 0.027823 
0.754823 -0.287693 -0.854124 
0.649364 -0.193040 0.549124 
-0.308708 0.570998 -0.417062 
-0.257478 0.041903 0.863969 
-0.682054 0.141253 -0.876087 
-0.669523 -0.072892 -0.766029 
-0.009336 0.655381 0.182843 
-30.094883 -24.544065 -3.255840 
29.836727 26.196236 2.421077 
-0.808345 0.862955 0.027673 
0.754646 -0.287602 -0.854002 
0.649144 -0.192919 0.549010 
-0.308838 0.570803 -0.416876 
-0.257386 0.042003 0.863685 
-0.681783 0.139882 -0.875036 
-0.669451 -0.071174 -0.766619 
-0.009586 0.655187 0.182621 
-30.094883 -24.544065 -3.255840 
29.836727 26.196236 2.421077 
-0.808002 0.862684 0.027523 
0.754469 -0.287511 -0.853879 
0.648924 -0.192797 0.548895 
-0.308969 0.570608 -0.416690 
-0.257294 0.042103 0.863401 
-0.681509 0.138467 -0.873961 
-0.669381 -0.069410 -0.767232 
-0.009836 0.654992 0.182400 
-30.094883 -24.544065 -3.255840 
29.836727 26.196236 2.421077 
-0.807660 0.862412 0.027372 
0.754292 -0.287419 -0.853757 
0.648704 -0.192676 0.548780 
-0.309099 0.570413 -0.416504 
-0.257202 0.042204 0.863117 
-0.681233 0.137003 -0.872862 
-0.669314 -0.067597 -0.767869 
-0.010086 0.654798 0.182178 
-30.094883 -24.544065 -3.255840 
29.836727 26.196236 2.421077 
-0.807316 0.862140 0.027221 
0.754115 -0.287328 -0.853634 
0.648483 -0.192554 0.548666 
-0.309230 0.570217 -0.416317 
-0.257110 0.042304 0.862833 
-0.680954 0.135486 -0.871736 
-0.669250 -0.065732 -0.768532 
-0.010337 0.654603 0.181956 
-30.094883 -24.544065 -3.255840 
29.836727 26.196236 2.421077 
-0.806973 0.861867 0.027070 
0.753937 -0.287236 -0.853511 
0.648263 -0.192433 0.548551 
-0.309361 0.570021 -0.416130 
-0.257018 0.042405 0.862548 
-0.680671 0.133913 -0.870582 
-0.669188 -0.063808 -0.769223 
-0.010588 0.654408 0.181734 
-30.094883 -24.544065 -3.255840 
29.836727 26.196236 2.421077 
-0.806629 0.861594 0.026919 
0.753760 -0.287145 -0.853389 
0.648042 -0.192311 0.548436 
-0.309492 0.569824 -0.415944 
-0.256926 0.042505 0.862263 
-0.680385 0.132279 -0.869396 
-0.669130 -0.061822 -0.769945 
-0.010840 0.654213 0.181511 
-30.094883 -24.544065 -3.255840 
29.836727 26.196236 2.421077 
-0.806284 0.861321 0.026768 
0.753582 -0.287053 -0.853266 
0.647821 -0.192189 0.548322 
-0.309623 0.569627 -0.415756 
-0.256834 0.042606 0.861978 
-0.680095 0.130576 -0.868176 
-0.669075 -0.059768 -0.770700 
-0.011092 0.654018 0.181288 
-30.094883 -24.544065 -3.255840 
29.836727 26.196236 2.421077 
-0.805939 0.861047 0.026616 
0.753405 -0.286961 -0.853143 
0.647600 -0.192068 0.548207 
-0.309755 0.569430 -0.415569 
-0.256742 0.042706 0.861693 
-0.679801 0.128799 -0.866918 
-0.669024 -0.057639 -0.771493 
-0.011344 0.653823 0.181065 
-30.094883 -24.544065 -3.255840 
29.836727 26.196236 2.421077 
-0.805594 0.860773 0.026464 
0.753227 -0.286870 -0.853020 
0.647379 -0.191946 0.548092 
-0.309886 0.569232 -0.415381 
-0.256650 0.042807 0.861408 
-0.679502 0.126940 -0.865619 
-0.668978 -0.055427 -0.772326 
-0.011597 0.653628 0.180841 
-30.094883 -24.544065 -3.255840 
29.836727 26.196236 2.421077 
-0.805248 0.860498 0.026312 
0.753049 -0.286778 -0.852897 
0.647157 -0.191824 0.547977 
-0.310018 0.569034 -0.415194 
-0.256557 0.042908 0.861122 
-0.679199 0.124990 -0.864273 
-0.668936 -0.053123 -0.773206 
-0.011850 0.653432 0.180617 
-30.094883 -24.544065 -3.255840 
29.836727 26.196236 2.421077 
-0.804902 0.860223 0.026159 
0.752872 -0.286686 -0.852774 
0.646936 -0.191702 0.547862 
-0.310150 0.568836 -0.415006 
-0.256465 0.043009 0.860836 
-0.678889 0.122938 -0.862876 
-0.668899 -0.050716 -0.774136 
-0.012103 0.653237 0.180393 
-30.094883 -24.544065 -3.255840 
29.836727 26.196236 2.421077 
-0.804556 0.859948 0.026007 
0.752694 -0.286594 -0.852651 
0.646714 -0.191580 0.547746 
-0.310282 0.568637 -0.414817 
-0.256373 0.043110 0.860550 
-0.678573 0.120770 -0.861421 
-0.668869 -0.048192 -0.775124 
-0.012357 0.653041 0.180168 
-30.094883 -24.544065 -3.255840 
29.836727 26.196236 2.421077 
-0.804209 0.859672 0.025854 
0.752515 -0.286502 -0.852528 
0.646492 -0.191458 0.547631 
-0.310415 0.568438 -0.414629 
-0.256281 0.043211 0.860264 
-0.678250 0.118471 -0.859899 
-0.668845 -0.045537 -0.776178 
-0.012611 0.652846 0.179943 
-30.094883 -24.544065 -3.255840 
29.836727 26.196236 2.421077 
-0.803861 0.859395 0.025701 
0.752337 -0.286410 -0.852405 
0.646271 -0.191336 0.547516 
-0.310548 0.568238 -0.414440 
-0.256189 0.043312 0.859977 
-0.677918 0.116021 -0.858301 
-0.668830 -0.042730 -0.777307 
-0.012865 0.652650 0.179718 
-30.094883 -24.544065 -3.255840 
29.836727 26.196236 2.421077 
-0.803514 0.859119 0.025548 
0.752159 -0.286318 -0.852282 
0.646048 -0.191214 0.547401 
-0.310680 0.568038 -0.414252 
-0.256096 0.043413 0.859691 
-0.677576 0.113394 -0.856614 
-0.668824 -0.039745 -0.778526 
-0.013120 0.652454 0.179492 
-30.094883 -24.544065 -3.255840 
29.836727 26.196236 2.421077 
-0.803165 0.858841 0.025394 
0.751980 -0.286226 -0.852159 
0.645826 -0.191091 0.547285 
-0.310814 0.567837 -0.414062 
-0.256004 0.043514 0.859404 
-0.677223 0.110559 -0.854821 
-0.668829 -0.036551 -0.779849 
-0.013375 0.652258 0.179267 
-30.094883 -24.544065 -3.255840 
29.836727 26.196236 2.421077 
-0.802817 0.858564 0.025241 
0.751802 -0.286133 -0.852035 
0.645604 -0.190969 0.547170 
-0.310947 0.567636 -0.413873 
-0.255912 0.043615 0.859117 
-0.676856 0.107472 -0.852901 
-0.668848 -0.033104 -0.781299 
-0.013631 0.652061 0.179040 
-30.094883 -24.544065 -3.255840 
29.836727 26.196236 2.421077 
-0.802468 0.858286 0.025087 
0.751623 -0.286041 -0.851912 
0.645382 -0.190847 0.547054 
-0.311080 0.567434 -0.413684 
-0.255819 0.043717 0.858829 
-0.676471 0.104075 -0.850825 
-0.668884 -0.029347 -0.782904 
-0.013887 0.651865 0.178814 
-30.094883 -24.544065 -3.255840 
29.836727 26.196236 2.421077 
-0.802118 0.858007 0.024933 
0.751445 -0.285949 -0.851789 
0.645159 -0.190724 0.546939 
-0.311214 0.567232 -0.413494 
-0.255727 0.043818 0.858541 
-0.676064 0.100285 -0.848550 
-0.668941 -0.025195 -0.784708 
-0.014143 0.651669 0.178587 
-30.094883 -24.544065 -3.255840 
29.836727 26.196236 2.421077 
-0.801768 0.857728 0.024778 
0.751266 -0.285856 -0.851665 
0.644936 -0.190602 0.546823 
-0.311348 0.567029 -0.413304 
-0.255635 0.043919 0.858254 
-0.675629 0.095977 -0.846013 
-0.669027 -0.020525 -0.786774 
-0.014400 0.651472 0.178360 
-30.094883 -24.544065 -3.255840 
29.836727 26.196236 2.421077 
-0.801418 0.857449 0.024624 
0.751087 -0.285764 -0.851542 
0.644713 -0.190479 0.546707 
-0.311482 0.566826 -0.413114 
-0.255542 0.044021 0.857966 
-0.675153 0.090952 -0.843113 
-0.669153 -0.015136 -0.789201 
-0.014657 0.651275 0.178132 
-30.094883 -24.544065 -3.255840 
29.836727 26.196236 2.421077 
-0.801067 0.857169 0.024469 
0.750908 -0.285671 -0.851418 
0.644490 -0.190357 0.546591 
-0.311617 0.566622 -0.412923 
-0.255450 0.044122 0.857677 
-0.674618 0.084854 -0.839671 
-0.669338 -0.008675 -0.792170 
-0.014914 0.651079 0.177905 
-30.094883 -24.544065 -3.255840 
29.836727 26.196236 2.421077 
-0.800716 0.856889 0.024314 
0.750728 -0.285578 -0.851295 
0.644267 -0.190234 0.546475 
-0.311751 0.566417 -0.412732 
-0.255357 0.044224 0.857389 
-0.673982 0.076958 -0.835318 
-0.669623 -0.000413 -0.796050 
-0.015172 0.650882 0.177676 
-30.094883 -24.544065 -3.255840 
29.836727 26.196236 2.421077 
-0.800364 0.856608 0.024158 
0.750549 -0.285486 -0.851171 
0.644044 -0.190111 0.546359 
-0.311886 0.566212 -0.412541 
-0.255265 0.044326 0.857100 
-0.673138 0.065335 -0.829078 
-0.670116 0.011576 -0.801815 
-0.015430 0.650684 0.177448 
-30.094883 -24.544065 -3.255840 
29.836727 26.196236 2.421077 
-0.800012 0.856326 0.024003 
0.750370 -0.285393 -0.851047 
0.643820 -0.189988 0.546243 
-0.312021 0.566005 -0.412350 
-0.255172 0.044427 0.856811 
-0.671584 0.041060 -0.816429 
-0.671318 0.036220 -0.813990 
-0.015689 0.650487 0.177219 
-30.094883 -24.544065 -3.255840 
29.836727 26.196236 2.421077 
-0.799659 0.856044 0.023847 
0.750190 -0.285300 -0.850924 
0.643597 -0.189866 0.546127 
-0.312157 0.565798 -0.412159 
-0.255080 0.044529 0.856522 
-0.504445 -2.987172 0.710155 
-0.838104 3.064821 -2.340099 
-0.015948 0.650290 0.176990 
-30.094883 -24.544065 -3.255840 
29.836727 26.196236 2.421077 
-0.799306 0.855762 0.023691 
0.750010 -0.285207 -0.850800 
0.643405 -0.189756 0.546048 
-0.312127 0.565838 -0.411783 
-0.254972 0.044624 0.856293 
-0.504436 -2.987122 0.710146 
-0.838096 3.064788 -2.340070 
-0.016155 0.650141 0.176839 
-30.094883 -24.544065 -3.255840 
29.836727 26.196236 2.421077 
-0.798968 0.855579 0.023632 
0.749916 -0.285137 -0.850677 
0.643214 -0.189646 0.545969 
-0.312097 0.565877 -0.411407 
-0.254865 0.044719 0.856065 
-0.504427 -2.987072 0.710136 
-0.838088 3.064754 -2.340042 
-0.016363 0.649993 0.176688 
-30.094883 -24.544065 -3.255840 
29.836727 26.196236 2.421077 
-0.798630 0.855397 0.023572 
0.749822 -0.285066 -0.850553 
0.643022 -0.189536 0.545889 
-0.312068 0.565916 -0.411030 
-0.254758 0.044814 0.855837 
-0.504418 -2.987021 0.710127 
-0.838080 3.064721 -2.340014 
-0.016571 0.649845 0.176536 
-30.094883 -24.544065 -3.255840 
29.836727 26.196236 2.421077 
-0.798291 0.855213 0.023513 
0.749728 -0.284996 -0.850430 
0.642831 -0.189427 0.545810 
-0.312038 0.565956 -0.410652 
-0.254650 0.044909 0.855608 
-0.504409 -2.986971 0.710117 
-0.838071 3.064687 -2.339985 
-0.016779 0.649697 0.176384 
-30.094883 -24.544065 -3.255840 
29.836727 26.196236 2.421077 
-0.797951 0.855030 0.023453 
0.749634 -0.284926 -0.850307 
0.642639 -0.189317 0.545731 
-0.312008 0.565996 -0.410274 
-0.254543 0.045004 0.855379 
-0.504400 -2.986921 0.710108 
-0.838063 3.064654 -2.339957 
-0.016988 0.649549 0.176232 
-30.094883 -24.544065 -3.255840 
29.836727 26.196236 2.421077 
-0.797611 0.854846 0.023393 
0.749540 -0.284855 -0.850183 
0.642447 -0.189207 0.545651 
-0.311978 0.566036 -0.409896 
-0.254435 0.045099 0.855150 
-0.504391 -2.986871 0.710098 
-0.838055 3.064621 -2.339929 
-0.017196 0.649400 0.176079 
-30.094883 -24.544065 -3.255840 
29.836727 26.196236 2.421077 
-0.797271 0.854663 0.023333 
0.749446 -0.284785 -0.850060 
0.642255 -0.189097 0.545572 
-0.311949 0.566075 -0.409517 
-0.254328 0.045194 0.854921 
-0.504382 -2.986820 0.710089 
-0.838046 3.064587 -2.339900 
-0.017406 0.649252 0.175926 
-30.094883 -24.544065 -3.255840 
29.836727 26.196236 2.421077 
-0.796930 0.854479 0.023273 
0.749352 -0.284715 -0.849936 
0.642063 -0.188987 0.545492 
-0.311919 0.566115 -0.409137 
-0.254220 0.045290 0.854692 
-0.504373 -2.986770 0.710079 
-0.838038 3.064554 -2.339872 
-0.017615 0.649104 0.175773 
-30.094883 -24.544065 -3.255840 
29.836727 26.196236 2.421077 
-0.796589 0.854294 0.023213 
0.749258 -0.284644 -0.849813 
0.641870 -0.188877 0.545413 
-0.311889 0.566155 -0.408756 
-0.254112 0.045385 0.854462 
-0.504364 -2.986720 0.710070 
-0.838030 3.064521 -2.339844 
-0.017825 0.648956 0.175619 
-30.094883 -24.544065 -3.255840 
29.836727 26.196236 2.421077 
-0.796247 0.854110 0.023153 
0.749164 -0.284574 -0.849689 
0.641678 -0.188767 0.545333 
-0.311860 0.566196 -0.408376 
-0.254005 0.045480 0.854232 
-0.504355 -2.986669 0.710060 
-0.838022 3.064487 -2.339815 
-0.018035 0.648808 0.175466 
-30.094883 -24.544065 -3.255840 
29.836727 26.196236 2.421077 
-0.795905 0.853925 0.023093 
0.749070 -0.284504 -0.849565 
0.641485 -0.188657 0.545254 
-0.311830 0.566236 -0.407994 
-0.253897 0.045576 0.854003 
-0.504346 -2.986619 0.710050 
-0.838013 3.064454 -2.339787 
-0.018246 0.648660 0.175311 
-30.094883 -24.544065 -3.255840 
29.836727 26.196236 2.421077 
-0.795562 0.853740 0.023033 
0.748975 -0.284433 -0.849442 
0.641293 -0.188546 0.545174 
-0.311801 0.566276 -0.407612 
-0.253789 0.045671 0.853773 
-0.504337 -2.986569 0.710041 
-0.838005 3.064420 -2.339758 
-0.018457 0.648511 0.175157 
-30.094883 -24.544065 -3.255840 
29.836727 26.196236 2.421077 
-0.795219 0.853555 0.022972 
0.748881 -0.284363 -0.849318 
0.641100 -0.188436 0.545095 
-0.311771 0.566317 -0.407229 
-0.253682 0.045767 0.853543 
-0.504328 -2.986518 0.710031 
-0.837997 3.064387 -2.339730 
-0.018668 0.648363 0.175002 
-30.094883 -24.544065 -3.255840 
29.836727 26.196236 2.421077 
-0.794875 0.853369 0.022912 
0.748787 -0.284292 -0.849194 
0.640907 -0.188326 0.545015 
-0.311742 0.566357 -0.406846 
-0.253574 0.045862 0.853312 
-0.504319 -2.986468 0.710022 
-0.837988 3.064354 -2.339702 
-0.018880 0.648215 0.174847 
-30.094883 -24.544065 -3.255840 
29.836727 26.196236 2.421077 
-0.794531 0.853184 0.022851 
0.748692 -0.284222 -0.849070 
0.640714 -0.188215 0.544935 
-0.311712 0.566398 -0.406462 
-0.253466 0.045958 0.853082 
-0.504310 -2.986418 0.710012 
-0.837980 3.064320 -2.339673 
-0.019092 0.648067 0.174691 
-30.094883 -24.544065 -3.255840 
29.836727 26.196236 2.421077 
-0.794187 0.852998 0.022790 
0.748598 -0.284151 -0.848947 
0.640521 -0.188105 0.544856 
-0.311682 0.566439 -0.406078 
-0.253358 0.046054 0.852851 
-0.504301 -2.986367 0.710003 
-0.837972 3.064287 -2.339645 
-0.019304 0.647919 0.174535 
-30.094883 -24.544065 -3.255840 
29.836727 26.196236 2.421077 
-0.793842 0.852811 0.022729 
0.748504 -0.284081 -0.848823 
0.640328 -0.187994 0.544776 
-0.311653 0.566480 -0.405693 
-0.253250 0.046149 0.852620 
-0.504292 -2.986317 0.709993 
-0.837963 3.064254 -2.339617 
-0.019517 0.647770 0.174379 
-30.094883 -24.544065 -3.255840 
29.836727 26.196236 2.421077 
-0.793496 0.852625 0.022668 
0.748409 -0.284010 -0.848699 
0.640135 -0.187884 0.544696 
-0.311624 0.566521 -0.405307 
-0.253142 0.046245 0.852390 
-0.504283 -2.986267 0.709984 
-0.837955 3.064220 -2.339588 
-0.019730 0.647622 0.174222 
-30.094883 -24.544065 -3.255840 
29.836727 26.196236 2.421077 
-0.793150 0.852438 0.022607 
0.748315 -0.283939 -0.848575 
0.639941 -0.187773 0.544616 
-0.311594 0.566562 -0.404921 
-0.253034 0.046341 0.852158 
-0.504274 -2.986217 0.709974 
-0.837947 3.064187 -2.339560 
-0.019943 0.647474 0.174065 
-30.094883 -24.544065 -3.255840 
29.836727 26.196236 2.421077 
-0.792804 0.852251 0.022546 
0.748220 -0.283869 -0.848451 
0.639748 -0.187663 0.544536 
-0.311565 0.566603 -0.404534 
-0.252926 0.046437 0.851927 
-0.504265 -2.986166 0.709965 
-0.837938 3.064153 -2.339531 
-0.020157 0.647326 0.173908 
-30.094883 -24.544065 -3.255840 
29.836727 26.196236 2.421077 
-0.792457 0.852064 0.022485 
0.748126 -0.283798 -0.848327 
0.639554 -0.187552 0.544457 
-0.311535 0.566645 -0.404147 
-0.252818 0.046533 0.851696 
-0.504256 -2.986116 0.709955 
-0.837930 3.064120 -2.339503 
-0.020371 0.647178 0.173750 
-30.094883 -24.544065 -3.255840 
29.836727 26.196236 2.421077 
-0.792110 0.851876 0.022424 
0.748031 -0.283728 -0.848203 
0.639361 -0.187441 0.544377 
-0.311506 0.566686 -0.403759 
-0.252710 0.046629 0.851464 
-0.504247 -2.986066 0.709946 
-0.837922 3.064087 -2.339475 
-0.020585 0.647030 0.173592 
-30.094883 -24.544065 -3.255840 
29.836727 26.196236 2.421077 
-0.791762 0.851689 0.022362 
0.747937 -0.283657 -0.848078 
0.639167 -0.187330 0.544297 
-0.311477 0.566728 -0.403370 
-0.252602 0.046725 0.851233 
-0.504238 -2.986015 0.709936 
-0.837913 3.064053 -2.339446 
-0.020800 0.646882 0.173434 
-30.094883 -24.544065 -3.255840 
29.836727 26.196236 2.421077 
-0.791414 0.851501 0.022300 
0.747842 -0.283586 -0.847954 
0.638973 -0.187219 0.544217 
-0.311447 0.566770 -0.402981 
-0.252494 0.046822 0.851001 
-0.504229 -2.985965 0.709926 
-0.837905 3.064020 -2.339418 
-0.021015 0.646734 0.173275 
-30.094883 -24.544065 -3.255840 
29.836727 26.196236 2.421077 
-0.791065 0.851313 0.022239 
0.747748 -0.283516 -0.847830 
0.638779 -0.187108 0.544137 
-0.311418 0.566811 -0.402591 
-0.252385 0.046918 0.850769 
-0.504220 -2.985915 0.709917 
-0.837897 3.063987 -2.339390 
-0.021231 0.646586 0.173116 
-30.094883 -24.544065 -3.255840 
29.836727 26.196236 2.421077 
-0.790716 0.851124 0.022177 
0.747653 -0.283445 -0.847706 
0.638585 -0.186997 0.544057 
-0.311389 0.566853 -0.402201 
-0.252277 0.047014 0.850536 
-0.504211 -2.985864 0.709907 
-0.837888 3.063953 -2.339361 
-0.021447 0.646437 0.172956 
-30.094883 -24.544065 -3.255840 
29.836727 26.196236 2.421077 
-0.790366 0.850935 0.022115 
0.747558 -0.283374 -0.847581 
0.638390 -0.186886 0.543977 
-0.311359 0.566895 -0.401809 
-0.252169 0.047110 0.850304 
-0.504202 -2.985814 0.709898 
-0.837880 3.063920 -2.339333 
-0.021663 0.646289 0.172797 
-30.094883 -24.544065 -3.255840 
29.836727 26.196236 2.421077 
-0.790016 0.850747 0.022053 
0.747464 -0.283303 -0.847457 
0.638196 -0.186775 0.543897 
-0.311330 0.566937 -0.401418 
-0.252060 0.047207 0.850071 
-0.504193 -2.985764 0.709888 
-0.837871 3.063886 -2.339304 
-0.021879 0.646141 0.172636 
-30.094883 -24.544065 -3.255840 
29.836727 26.196236 2.421077 
-0.789665 0.850557 0.021991 
0.747369 -0.283233 -0.847333 
0.638002 -0.186664 0.543817 
-0.311301 0.566980 -0.401025 
-0.251952 0.047303 0.849839 
-0.504184 -2.985713 0.709879 
-0.837863 3.063853 -2.339276 
-0.022096 0.645993 0.172476 
-30.094883 -24.544065 -3.255840 
29.836727 26.196236 2.421077 
-0.789314 0.850368 0.021929 
0.747274 -0.283162 -0.847208 
0.637807 -0.186553 0.543737 
-0.311272 0.567022 -0.400632 
-0.251844 0.047400 0.849606 
-0.504175 -2.985663 0.709869 
-0.837855 3.063820 -2.339248 
-0.022314 0.645845 0.172315 
-30.094883 -24.544065 -3.255840 
29.836727 26.196236 2.421077 
-0.788962 0.850178 0.021866 
0.747180 -0.283091 -0.847084 
0.637612 -0.186442 0.543656 
-0.311243 0.567064 -0.400239 
-0.251735 0.047496 0.849373 
-0.504166 -2.985613 0.709860 
-0.837846 3.063786 -2.339219 
-0.022531 0.645697 0.172154 
-30.094883 -24.544065 -3.255840 
29.836727 26.196236 2.421077 
-0.788610 0.849988 0.021804 
0.747085 -0.283020 -0.846959 
0.637417 -0.186330 0.543576 
-0.311214 0.567107 -0.399845 
-0.251627 0.047593 0.849140 
-0.504157 -2.985563 0.709850 
-0.837838 3.063753 -2.339191 
-0.022750 0.645549 0.171992 
-30.094883 -24.544065 -3.255840 
29.836727 26.196236 2.421077 
-0.788257 0.849798 0.021742 
0.746990 -0.282949 -0.846835 
